9
11
16
17
21
49
52
53
55
88
101
104
113
131
141
144
158
173
175
187
199
218
224
227
229
245
246
247
276
310
318
325
340
350
373
375
377
388
393
411
426
431
447
449
455
479
486
489
497
521
524
556
558
560
586
599
601
618
623
636
639
646
658
676
680
700
702
711
721
724
739
740
752
755
759
766
773
775
776
800
802
808
813
818
820
824
860
870
874
876
887
897
915
932
940
942
953
971
982
983
985
990
992
1012
1017
1031
1044
1053
1055
1075
1080
1084
1098
1108
1120
1139
1140
1151
1153
1164
1189
1202
1252
1255
1275
1287
1309
1312
1314
1328
1335
1336
1356
1394
1398
1416
1428
1429
1433
1440
1444
1448
1454
1487
1513
1539
1547
1553
1555
1569
1574
1584
1585
1590
1604
1614
1634
1641
1649
1665
1673
1675
1683
1693
1706
1712
1713
1722
1730
1742
1758
1774
1777
1812
1834
1846
1849
1862
1870
1875
1884
1908
1909
1916
1931
1953
1962
1967
1975
1978
1981
1990
1999
2009
2018
2030
2034
2036
2040
2042
2049
2075
2077
2079
2087
2093
2109
2110
2115
2121
2127
2136
2139
2143
2144
2149
2172
2181
2194
2196
2204
2214
2216
2234
2273
2297
2301
2304
2314
2319
2324
2329
2334
2335
2342
2346
2354
2360
2369
2376
2384
2397
2400
2411
2422
2427
2434
2445
2448
2465
2479
2490
2519
2525
2528
2544
2551
2561
2569
2577
2600
2603
2610
2618
2624
2625
2627
2634
2645
2651
2675
2676
2683
2703
2710
2720
2732
2733
2777
2785
2789
2790
2795
2800
2803
2805
2816
2832
2834
2842
2852
2863
2867
2895
2899
2900
2905
2931
2932
2956
2967
2973
2986
2988
2990
2991
2999
3005
3009
3010
3070
3075
3077
3083
3087
3088
3121
3131
3146
3154
3162
3171
3196
3198
3201
3204
3206
3229
3257
3261
3289
3295
3298
3302
3315
3332
3340
3360
3362
3367
3391
3394
3409
3413
3427
3461
3490
3493
3495
3496
3501
3505
3515
3530
3535
3553
3560
3580
3583
3595
3598
3608
3621
3630
3637
3651
3675
3680
3682
3688
3699
3700
3710
3714
3740
3745
3755
3761
3765
3783
3788
3789
3792
3801
3809
3819
3830
3839
3844
3857
3866
3871
3882
3885
3901
3910
3942
3944
3948
3953
3957
3969
3971
3972
3986
3991
3997
4008
4025
4027
4033
4038
4054
4059
4063
4081
4082
4083
4091
4098
4116
4122
4132
4136
4148
4149
4151
4154
4160
4181
4182
4184
4198
4204
4207
4208
4248
4253
4258
4261
4262
4281
4288
4314
4343
4345
4348
4384
4397
4403
4405
4409
4416
4423
4436
4446
4453
4455
4465
4478
4482
4499
4500
4522
4526
4560
4563
4584
4585
4592
4600
4609
4620
4622
4639
4660
4668
4670
4673
4674
4682
4685
4691
4692
4698
4702
4730
4740
4746
4752
4760
4761
4770
4787
4807
4822
4828
4832
4849
4856
4861
4883
4908
4922
4927
4932
4949
4958
4961
4966
4968
4979
4986
5007
5027
5030
5051
5065
5075
5077
5083
5087
5088
5105
5108
5111
5116
5121
5126
5157
5167
5178
5187
5195
5204
5244
5251
5260
5281
5283
5293
5308
5315
5332
5356
5363
5367
5374
5375
5387
5392
5393
5430
5436
5443
5444
5458
5469
5473
5476
5481
5482
5521
5526
5551
5561
5585
5602
5611
5626
5632
5637
5685
5686
5713
5715
5729
5739
5741
5743
5749
5759
5760
5772
5810
5816
5818
5857
5868
5870
5883
5896
5934
5936
5947
5950
5985
5992
5996
6004
6009
6015
6035
6044
6073
6079
6093
6097
6098
6105
6111
6147
6150
6151
6154
6156
6162
6170
6182
6228
6230
6234
6243
6250
6258
6262
6281
6283
6287
6316
6318
6321
6324
6329
6330
6346
6348
6353
6358
6385
6392
6395
6413
6428
6430
6433
6434
6452
6453
6460
6485
6507
6532
6539
6572
6603
6607
6618
6621
6624
6627
6660
6668
6676
6701
6716
6721
6732
6751
6769
6775
6808
6827
6857
6884
6885
6897
6905
6914
6916
6942
6953
6994
6997
7006
7017
7047
7051
7069
7073
7077
7114
7117
7120
7129
7146
7154
7157
7169
7170
7176
7183
7191
7208
7246
7289
7301
7303
7304
7316
7319
7332
7343
7374
7429
7443
7453
7462
7470
7493
7496
7503
7510
7513
7516
7538
7546
7558
7564
7588
7597
7612
7618
7627
7628
7673
7681
7682
7693
7710
7717
7722
7732
7784
7790
7803
7804
7846
7855
7860
7863
7876
7877
7892
7905
7907
7921
7945
7953
7956
7960
8007
8014
8022
8027
8031
8044
8049
8056
8059
8061
8062
8078
8080
8082
8087
8096
8132
8144
8159
8163
8168
8173
8178
8182
8197
8201
8217
8222
8223
8239
8244
8245
8248
8256
8265
8286
8329
8330
8335
8343
8350
8353
8363
8412
8414
8416
8417
8451
8456
8458
8466
8474
8476
8478
8485
8487
8495
8522
8523
8547
8556
8558
8568
8575
8576
8578
8579
8599
8604
8612
8617
8619
8667
8689
8700
8702
8707
8714
8724
8736
8765
8767
8772
8782
8794
8806
8837
8839
8843
8850
8852
8867
8878
8890
8892
8893
8895
8899
8907
8910
8912
8916
8926
8928
8935
8957
8963
8971
8982
9023
9036
9043
9044
9051
9085
9094
9100
9102
9104
9107
9110
9115
9123
9131
9140
9156
9162
9164
9174
9185
9220
9236
9251
9256
9267
9271
9277
9287
9302
9310
9317
9322
9325
9340
9347
9349
9350
9352
9353
9366
9370
9378
9412
9414
9417
9421
9424
9443
9455
9466
9469
9475
9493
9506
9516
9525
9543
9553
9580
9585
9598
9601
9604
9624
9627
9628
9637
9646
9647
9655
9658
9659
9665
9672
9686
9701
9708
9720
9746
9754
9763
9766
9767
9784
9787
9794
9801
9837
9881
9887
9901
9923
9936
9944
9955
9956
9958
9975
9982
9987
9997
10003
10013
10021
10022
10023
10039
10051
10059
10085
10090
10091
10096
10100
10112
10114
10118
10142
10150
10158
10159
10164
10181
10185
10190
10195
10213
10217
10229
10248
10252
10266
10274
10303
10307
10314
10325
10338
10344
10346
10351
10362
10367
10373
10386
10389
10394
10409
10410
10411
10414
10419
10422
10423
10452
10461
10462
10480
10484
10487
10491
10505
10524
10543
10551
10553
10555
10575
10577
10579
10584
10607
10611
10612
10613
10635
10642
10645
10662
10663
10665
10675
10694
10697
10720
10740
10741
10750
10757
10772
10780
10792
10793
10801
10804
10832
10839
10873
10880
10882
10891
10892
10895
10896
10899
10901
10920
10930
10939
10940
10965
10966
10977
10990
10994
10996
11019
11021
11025
11037
11038
11059
11066
11070
11090
11095
11114
11178
11186
11187
11189
11190
11209
11219
11220
11228
11240
11252
11256
11259
11268
11286
11288
11300
11304
11310
11323
11328
11339
11346
11366
11368
11373
11375
11410
11417
11422
11436
11438
11445
11446
11447
11458
11471
11489
11501
11518
11552
11553
11556
11561
11567
11581
11588
11589
11624
11628
11641
11647
11655
11656
11686
11694
11696
11698
11700
11703
11727
11750
11778
11780
11785
11796
11812
11833
11835
11848
11854
11857
11859
11863
11868
11901
11913
11921
11939
11940
11944
11946
11947
11953
11969
11972
11977
11985
11986
12011
12012
12022
12029
12030
12041
12053
12055
12068
12075
12097
12101
12102
12130
12133
12148
12169
12213
12214
12221
12230
12244
12251
12257
12260
12262
12264
12265
12268
12300
12302
12307
12315
12342
12348
12353
12357
12362
12379
12380
12381
12392
12396
12412
12427
12430
12431
12442
12450
12454
12456
12457
12494
12500
12509
12542
12544
12575
12601
12606
12607
12613
12624
12634
12661
12662
12665
12668
12682
12692
12694
12703
12707
12722
12739
12745
12748
12765
12773
12775
12809
12810
12820
12831
12836
12859
12871
12872
12877
12880
12901
12930
12946
12968
12970
12977
12988
12997
13001
13002
13003
13006
13015
13027
13047
13050
13053
13060
13065
13066
13069
13093
13132
13139
13141
13149
13163
13173
13189
13201
13205
13225
13233
13247
13254
13264
13270
13303
13316
13320
13334
13337
13346
13350
13353
13354
13375
13377
13388
13429
13465
13468
13469
13475
13477
13485
13489
13491
13509
13510
13513
13515
13516
13526
13540
13557
13571
13582
13583
13585
13607
13614
13619
13652
13675
13712
13716
13717
13733
13738
13754
13767
13772
13776
13781
13794
13810
13811
13827
13849
13855
13857
13866
13885
13886
13906
13911
13920
13921
13937
13948
13954
13958
13961
13976
13994
14012
14014
14020
14021
14030
14040
14057
14060
14061
14062
14072
14073
14077
14084
14098
14102
14103
14121
14124
14128
14140
14142
14146
14149
14150
14154
14160
14168
14174
14188
14222
14224
14235
14237
14239
14269
14293
14297
14307
14316
14324
14326
14345
14375
14386
14387
14397
14405
14416
14422
14428
14441
14462
14464
14465
14481
14496
14514
14533
14535
14545
14548
14553
14570
14599
14633
14640
14644
14646
14654
14675
14677
14678
14686
14696
14710
14714
14741
14750
14754
14770
14774
14779
14788
14813
14824
14827
14842
14846
14847
14848
14880
14907
14917
14932
14943
14948
14968
14981
14993
14997
15009
15026
15034
15035
15069
15073
15078
15085
15099
15100
15108
15111
15113
15127
15133
15136
15141
15170
15173
15195
15203
15208
15231
15244
15246
15258
15266
15284
15291
15296
15312
15334
15350
15359
15381
15387
15393
15406
15409
15418
15432
15453
15475
15478
15484
15486
15487
15508
15519
15527
15531
15545
15567
15583
15593
15597
15612
15620
15638
15642
15648
15651
15659
15660
15664
15665
15672
15689
15690
15694
15698
15708
15709
15722
15726
15731
15738
15757
15772
15785
15789
15822
15856
15869
15880
15886
15941
15946
15962
15965
15971
15985
16010
16012
16017
16018
16025
16028
16037
16047
16053
16065
16068
16069
16080
16088
16094
16097
16100
16103
16120
16129
16142
16144
16154
16160
16172
16177
16186
16196
16204
16207
16213
16221
16249
16253
16260
16269
16294
16322
16324
16336
16339
16351
16363
16371
16379
16390
16396
16398
16407
16417
16418
16428
16437
16448
16450
16481
16484
16504
16507
16521
16527
16530
16532
16551
16554
16591
16610
16612
16629
16636
16641
16669
16673
16680
16688
16721
16723
16728
16737
16759
16767
16793
16816
16819
16821
16833
16844
16847
16856
16867
16876
16879
16882
16886
16890
16901
16903
16904
16909
16931
16940
16941
16968
16972
16981
17030
17032
17035
17053
17054
17057
17059
17061
17066
17090
17101
17102
17112
17118
17131
17150
17161
17165
17166
17167
17172
17177
17185
17188
17207
17209
17210
17212
17224
17231
17237
17251
17273
17289
17293
17294
17300
17305
17313
17319
17322
17329
17334
17343
17349
17351
17356
17358
17362
17380
17384
17389
17392
17405
17407
17418
17426
17431
17439
17449
17464
17490
17495
17497
17498
17505
17508
17510
17513
17517
17527
17537
17552
17555
17581
17584
17585
17606
17614
17619
17620
17630
17633
17653
17665
17709
17712
17716
17741
17755
17757
17785
17788
17802
17806
17814
17842
17845
17847
17853
17865
17873
17883
17907
17943
17955
17963
17973
17997
18000
18002
18008
18040
18081
18091
18098
18121
18147
18153
18175
18176
18184
18192
18197
18202
18204
18224
18225
18229
18242
18249
18276
18278
18289
18297
18310
18312
18315
18318
18320
18334
18350
18353
18363
18380
18385
18401
18411
18416
18429
18443
18449
18454
18455
18458
18500
18517
18524
18553
18556
18563
18566
18567
18589
18602
18606
18621
18640
18660
18671
18673
18689
18694
18704
18720
18725
18753
18757
18764
18769
18773
18778
18809
18813
18814
18822
18844
18846
18852
18865
18870
18880
18894
18922
18945
18948
18955
18957
18962
18966
18997
19002
19022
19029
19038
19040
19065
19067
19079
19088
19091
19092
19111
19119
19129
19132
19151
19158
19175
19177
19186
19188
19195
19201
19202
19215
19239
19257
19262
19264
19270
19278
19286
19287
19296
19316
19331
19337
19341
19372
19379
19385
19386
19391
19394
19400
19415
19438
19441
19458
19467
19480
19507
19513
19532
19534
19536
19550
19555
19561
19564
19594
19595
19601
19602
19618
19681
19692
19694
19698
19700
19709
19712
19716
19718
19721
19732
19773
19774
19775
19780
19781
19786
19788
19792
19799
19807
19808
19836
19846
19854
19856
19864
19869
19884
19893
19906
19917
19949
19955
19973
19995
19997
20011
20014
20017
20020
20035
20038
20049
20076
20095
20100
20106
20113
20123
20125
20127
20129
20131
20135
20136
20139
20153
20167
20175
20177
20182
20186
20202
20211
20217
20225
20228
20229
20252
20254
20262
20270
20282
20309
20316
20321
20325
20332
20337
20349
20354
20366
20367
20371
20379
20401
20403
20405
20408
20434
20437
20469
20470
20473
20475
20493
20498
20503
20504
20505
20506
20509
20515
20525
20529
20547
20551
20562
20573
20580
20590
20601
20630
20650
20658
20697
20703
20708
20723
20728
20733
20751
20755
20784
20791
20802
20806
20810
20835
20838
20859
20874
20877
20880
20885
20897
20910
20911
20924
20933
20944
20965
20977
20988
20993
20994
21017
21021
21044
21064
21084
21098
21103
21109
21111
21131
21137
21160
21177
21183
21201
21205
21216
21217
21219
21229
21243
21247
21252
21259
21271
21277
21278
21299
21306
21327
21329
21334
21337
21355
21357
21369
21379
21397
21398
21406
21422
21427
21429
21431
21441
21454
21472
21479
21481
21484
21493
21506
21518
21520
21536
21547
21581
21604
21609
21632
21635
21639
21640
21647
21648
21649
21688
21702
21709
21726
21739
21759
21760
21791
21808
21810
21828
21831
21847
21851
21865
21866
21876
21879
21884
21887
21891
21893
21897
21906
21907
21908
21927
21949
21965
21979
22009
22031
22032
22061
22078
22093
22095
22101
22115
22123
22135
22142
22146
22148
22159
22165
22169
22180
22182
22189
22191
22231
22235
22250
22252
22270
22292
22302
22303
22318
22319
22322
22328
22338
22345
22357
22362
22364
22369
22378
22381
22388
22390
22406
22408
22409
22420
22450
22456
22457
22480
22499
22507
22509
22511
22543
22552
22554
22567
22572
22574
22580
22597
22599
22600
22606
22613
22614
22622
22633
22654
22659
22672
22714
22718
22726
22739
22740
22741
22747
22757
22758
22761
22785
22791
22821
22838
22853
22860
22869
22874
22878
22882
22889
22892
22902
22906
22907
22920
22937
22947
22971
22980
22981
22984
23009
23011
23012
23013
23037
23046
23068
23078
23090
23123
23127
23130
23142
23145
23152
23158
23179
23188
23189
23191
23194
23201
23217
23264
23268
23282
23294
23309
23345
23354
23360
23364
23370
23376
23386
23387
23394
23397
23399
23417
23424
23435
23436
23440
23456
23457
23460
23491
23493
23502
23509
23513
23529
23532
23559
23586
23590
23618
23619
23625
23629
23633
23657
23679
23686
23692
23695
23711
23720
23725
23737
23767
23769
23804
23820
23831
23833
23837
23839
23843
23864
23868
23873
23875
23880
23885
23910
23925
23940
23963
23972
23983
23994
23996
23997
23999
24047
24058
24069
24070
24081
24094
24097
24105
24121
24136
24143
24162
24169
24189
24195
24199
24204
24205
24211
24212
24227
24242
24249
24256
24263
24288
24291
24296
24307
24325
24333
24334
24341
24350
24351
24360
24375
24377
24397
24398
24399
24400
24443
24473
24477
24480
24486
24492
24510
24528
24529
24536
24551
24564
24569
24570
24573
24574
24580
24581
24587
24589
24591
24610
24619
24623
24628
24640
24665
24670
24671
24683
24689
24703
24706
24713
24718
24735
24738
24743
24753
24757
24762
24775
24783
24784
24808
24822
24834
24841
24846
24864
24868
24875
24887
24905
24918
24924
24932
24943
24946
24947
24951
24965
24970
24973
24978
24986
24992
25003
25009
25029
25038
25043
25052
25063
25069
25075
25080
25092
25123
25124
25126
25144
25171
25202
25204
25233
25241
25243
25244
25271
25276
25278
25282
25283
25286
25304
25311
25312
25322
25323
25338
25339
25353
25378
25381
25399
25409
25413
25431
25432
25438
25466
25468
25504
25507
25526
25547
25548
25551
25557
25561
25580
25582
25604
25614
25624
25628
25642
25645
25647
25666
25668
25686
25690
25701
25714
25720
25753
25761
25764
25769
25776
25803
25827
25835
25846
25852
25866
25881
25899
25902
25918
25937
25940
25949
25951
25967
25991
26000
26021
26045
26062
26066
26087
26104
26114
26135
26146
26151
26152
26164
26166
26169
26177
26210
26218
26239
26242
26244
26246
26247
26259
26261
26281
26295
26335
26340
26346
26356
26359
26367
26378
26379
26380
26411
26417
26421
26423
26433
26440
26442
26450
26460
26466
26469
26472
26487
26489
26492
26497
26510
26529
26530
26531
26539
26554
26560
26565
26569
26581
26582
26583
26585
26588
26596
26608
26609
26610
26623
26633
26672
26677
26681
26697
26709
26715
26737
26740
26746
26784
26786
26794
26808
26811
26814
26832
26840
26845
26850
26854
26856
26860
26873
26880
26884
26887
26894
26903
26912
26913
26927
26929
26933
26936
26962
26975
27010
27011
27024
27032
27033
27041
27061
27064
27074
27081
27103
27107
27121
27130
27154
27156
27174
27190
27208
27240
27273
27276
27286
27289
27302
27303
27318
27332
27340
27359
27369
27377
27390
27392
27397
27401
27412
27414
27419
27439
27450
27458
27459
27466
27472
27487
27509
27537
27544
27570
27574
27580
27582
27596
27598
27606
27610
27615
27658
27661
27671
27679
27690
27693
27734
27745
27750
27756
27777
27782
27798
27808
27809
27814
27816
27820
27827
27828
27832
27833
27834
27837
27845
27846
27870
27875
27887
27910
27930
27945
27953
27965
27969
27973
27980
27995
28016
28020
28023
28025
28027
28046
28048
28052
28066
28067
28070
28071
28089
28097
28124
28137
28140
28154
28166
28187
28192
28214
28227
28229
28267
28279
28285
28286
28300
28315
28356
28359
28361
28363
28371
28382
28387
28398
28422
28434
28435
28439
28453
28459
28463
28464
28473
28481
28494
28498
28501
28521
28524
28529
28533
28546
28548
28555
28556
28564
28566
28568
28572
28580
28585
28611
28612
28617
28620
28632
28643
28657
28665
28677
28687
28696
28740
28766
28780
28781
28782
28799
28806
28821
28824
28826
28829
28839
28841
28845
28846
28848
28858
28877
28883
28885
28891
28913
28920
28938
28939
28961
28966
28992
28996
29006
29018
29020
29033
29040
29078
29090
29092
29100
29109
29112
29125
29130
29139
29144
29152
29178
29205
29222
29226
29230
29237
29240
29242
29255
29289
29335
29338
29341
29344
29345
29348
29350
29359
29388
29409
29424
29437
29466
29467
29479
29489
29501
29546
29548
29576
29586
29602
29608
29622
29634
29646
29648
29651
29660
29666
29671
29684
29724
29726
29729
29736
29741
29754
29758
29761
29764
29780
29785
29818
29827
29831
29837
29846
29858
29860
29872
29882
29900
29902
29903
29905
29915
29916
29929
29936
29967
29972
29973
29995
30001
30006
30015
30037
30038
30046
30056
30058
30070
30073
30074
30077
30087
30095
30100
30101
30103
30108
30110
30114
30130
30136
30140
30143
30166
30172
30179
30245
30247
30254
30255
30258
30268
30277
30290
30293
30298
30300
30324
30336
30341
30347
30366
30374
30378
30392
30397
30408
30409
30420
30421
30427
30433
30455
30456
30468
30505
30510
30511
30516
30519
30523
30529
30534
30538
30541
30578
30581
30609
30633
30636
30639
30647
30656
30692
30705
30711
30723
30725
30753
30778
30799
30807
30808
30816
30833
30859
30868
30880
30887
30905
30917
30919
30921
30922
30928
30932
30981
30984
30998
31007
31008
31012
31020
31024
31031
31047
31062
31079
31080
31083
31092
31107
31117
31142
31151
31167
31193
31206
31221
31223
31232
31252
31253
31254
31255
31259
31265
31290
31312
31336
31361
31377
31381
31383
31404
31407
31413
31430
31437
31450
31451
31454
31476
31495
31496
31505
31516
31517
31546
31549
31550
31551
31554
31560
31566
31569
31588
31605
31612
31622
31630
31649
31659
31661
31671
31687
31688
31697
31704
31714
31718
31746
31782
31790
31792
31798
31812
31813
31824
31829
31830
31834
31842
31853
31886
31905
31909
31925
31933
31949
31967
31974
31980
31998
32009
32016
32018
32019
32025
32033
32038
32041
32046
32068
32085
32089
32096
32129
32132
32142
32145
32149
32157
32177
32181
32187
32191
32208
32215
32218
32223
32237
32244
32256
32292
32297
32308
32317
32333
32335
32345
32353
32365
32372
32378
32379
32410
32413
32415
32417
32422
32428
32430
32444
32454
32465
32477
32481
32482
32498
32529
32544
32553
32559
32571
32591
32597
32616
32618
32619
32623
32632
32637
32638
32658
32700
32702
32742
32765
32770
32775
32783
32785
32795
32813
32826
32827
32830
32838
32851
32865
32875
32876
32878
32901
32909
32919
32935
32938
32951
32954
32955
32957
32964
32965
32974
32977
32983
33002
33018
33023
33032
33039
33041
33053
33063
33104
33108
33112
33113
33114
33128
33134
33141
33144
33160
33185
33188
33194
33203
33215
33218
33219
33223
33228
33231
33242
33243
33253
33266
33271
33276
33291
33296
33306
33322
33326
33328
33336
33357
33371
33378
33385
33386
33387
33389
33399
33406
33411
33431
33440
33452
33464
33467
33503
33505
33513
33515
33522
33523
33526
33548
33555
33556
33563
33566
33568
33574
33584
33607
33620
33623
33625
33643
33652
33653
33659
33665
33680
33693
33705
33718
33722
33727
33729
33734
33736
33744
33745
33751
33754
33755
33758
33794
33796
33803
33806
33815
33817
33827
33831
33833
33836
33847
33860
33865
33872
33880
33896
33899
33904
33932
33940
33943
33944
33948
33965
33971
33972
33975
33989
34002
34006
34007
34012
34041
34044
34051
34064
34083
34088
34093
34102
34127
34128
34130
34157
34158
34161
34162
34169
34177
34204
34206
34220
34223
34256
34260
34289
34297
34303
34336
34340
34352
34357
34380
34384
34399
34402
34405
34437
34447
34448
34458
34481
34482
34485
34487
34492
34495
34498
34505
34536
34539
34543
34552
34554
34560
34570
34599
34607
34615
34631
34652
34673
34675
34680
34682
34691
34699
34723
34742
34749
34765
34781
34783
34792
34805
34806
34818
34831
34832
34834
34835
34850
34860
34865
34869
34873
34887
34896
34926
34950
34957
34964
34972
34988
34991
34999
35005
35010
35021
35023
35040
35050
35052
35055
35059
35063
35070
35076
35080
35083
35091
35149
35156
35178
35198
35209
35215
35217
35229
35233
35250
35285
35296
35312
35324
35333
35347
35352
35356
35361
35367
35368
35373
35378
35379
35398
35402
35432
35457
35463
35466
35468
35470
35476
35498
35501
35512
35516
35524
35527
35565
35569
35583
35597
35602
35617
35621
35637
35671
35673
35675
35679
35682
35685
35691
35719
35724
35735
35755
35774
35779
35796
35803
35807
35812
35816
35819
35837
35843
35857
35863
35869
35877
35880
35883
35910
35920
35927
35950
35959
35967
35987
35991
36003
36014
36025
36053
36105
36111
36128
36129
36145
36151
36159
36171
36174
36175
36180
36189
36196
36206
36225
36242
36266
36301
36308
36315
36328
36332
36360
36373
36383
36391
36421
36431
36433
36444
36449
36458
36477
36482
36487
36510
36517
36522
36527
36556
36566
36582
36583
36591
36595
36599
36610
36617
36630
36645
36653
36662
36663
36673
36680
36684
36691
36693
36699
36705
36722
36733
36749
36769
36770
36774
36787
36790
36795
36806
36807
36808
36818
36860
36878
36880
36887
36889
36904
36911
36915
36916
36918
36923
36927
36932
36948
36955
36970
36971
36979
36985
36999
37001
37005
37028
37031
37033
37035
37047
37054
37060
37101
37120
37134
37147
37174
37184
37200
37203
37207
37211
37218
37224
37227
37250
37251
37272
37277
37286
37320
37347
37378
37395
37407
37415
37417
37424
37440
37450
37455
37460
37468
37475
37496
37511
37520
37527
37541
37563
37574
37587
37595
37597
37603
37605
37614
37623
37624
37633
37634
37649
37653
37659
37662
37669
37684
37725
37746
37759
37764
37771
37773
37817
37822
37827
37843
37852
37860
37865
37885
37901
37909
37914
37917
37933
37936
37939
37941
37947
37956
37969
37979
37984
37993
38010
38045
38050
38093
38096
38121
38124
38140
38144
38147
38149
38156
38170
38173
38175
38189
38198
38204
38209
38210
38217
38223
38235
38236
38245
38251
38253
38280
38282
38293
38302
38303
38311
38317
38338
38342
38354
38358
38365
38383
38387
38395
38399
38408
38410
38434
38441
38447
38452
38462
38482
38495
38496
38504
38506
38508
38511
38517
38518
38523
38526
38538
38561
38577
38579
38598
38600
38602
38621
38623
38630
38657
38658
38659
38664
38675
38690
38726
38730
38756
38760
38765
38772
38786
38788
38789
38794
38798
38799
38801
38805
38808
38824
38827
38835
38845
38874
38882
38916
38938
38941
38942
38956
38986
38987
38990
39003
39006
39008
39019
39024
39028
39036
39042
39059
39060
39070
39079
39082
39103
39117
39142
39144
39145
39149
39155
39180
39189
39195
39199
39223
39224
39244
39262
39267
39271
39298
39307
39310
39311
39346
39349
39368
39386
39391
39403
39412
39413
39419
39426
39430
39432
39449
39451
39457
39461
39471
39477
39487
39491
39492
39499
39522
39526
39537
39538
39542
39547
39574
39588
39589
39593
39601
39611
39623
39636
39643
39645
39648
39654
39657
39658
39664
39672
39682
39690
39708
39722
39727
39758
39764
39766
39771
39776
39778
39783
39784
39789
39794
39800
39803
39818
39821
39823
39828
39830
39841
39843
39845
39860
39866
39868
39870
39878
39880
39898
39903
39904
39915
39918
39926
39931
39942
39958
39960
39980
39983
39992
39995
39998
40067
40079
40091
40099
40106
40131
40133
40135
40138
40141
40144
40151
40155
40159
40182
40190
40214
40229
40253
40255
40256
40262
40276
40282
40287
40301
40314
40318
40328
40329
40330
40332
40350
40351
40408
40415
40433
40435
40455
40456
40462
40467
40501
40516
40519
40552
40564
40578
40584
40608
40637
40640
40648
40661
40669
40681
40682
40684
40691
40747
40758
40767
40812
40815
40839
40844
40849
40854
40855
40871
40879
40891
40895
40912
40933
40940
40942
40948
40959
40961
41005
41012
41014
41016
41018
41022
41035
41036
41037
41063
41079
41084
41088
41103
41112
41118
41127
41131
41137
41145
41147
41178
41185
41211
41220
41224
41225
41229
41236
41251
41253
41254
41265
41271
41280
41292
41296
41297
41298
41309
41343
41344
41366
41378
41402
41414
41419
41421
41424
41434
41444
41445
41456
41470
41477
41478
41490
41491
41492
41500
41513
41543
41562
41565
41571
41577
41579
41580
41587
41592
41602
41607
41612
41614
41625
41631
41637
41644
41647
41680
41685
41719
41724
41726
41740
41743
41750
41760
41782
41783
41785
41791
41795
41812
41831
41858
41878
41883
41887
41896
41928
41935
41941
41958
41961
41967
41978
41981
41997
42001
42008
42022
42025
42034
42062
42065
42084
42085
42091
42108
42117
42120
42128
42135
42146
42159
42164
42165
42170
42179
42182
42187
42199
42206
42217
42232
42240
42254
42274
42285
42286
42288
42296
42300
42315
42317
42320
42324
42327
42332
42333
42339
42364
42368
42392
42398
42403
42405
42420
42437
42446
42456
42461
42463
42464
42489
42497
42500
42524
42526
42533
42540
42543
42544
42575
42579
42596
42618
42632
42636
42640
42674
42680
42682
42683
42697
42701
42705
42706
42709
42712
42722
42751
42761
42762
42766
42776
42778
42782
42787
42805
42842
42853
42854
42862
42866
42879
42887
42912
42922
42930
42950
42952
42956
42959
42964
42966
42981
42982
42988
43010
43016
43022
43029
43033
43037
43070
43080
43088
43103
43104
43105
43113
43127
43132
43146
43148
43155
43156
43167
43177
43183
43187
43191
43198
43202
43206
43210
43212
43215
43218
43219
43221
43231
43257
43263
43274
43311
43336
43338
43340
43345
43346
43350
43358
43361
43373
43380
43382
43384
43388
43390
43395
43396
43428
43429
43465
43469
43481
43484
43486
43489
43497
43505
43521
43522
43527
43534
43536
43545
43574
43579
43584
43612
43637
43650
43652
43658
43708
43716
43736
43755
43764
43767
43786
43799
43801
43807
43818
43821
43831
43834
43835
43844
43857
43867
43869
43878
43894
43903
43904
43907
43925
43930
43975
44002
44039
44050
44057
44076
44080
44097
44104
44115
44118
44121
44122
44126
44139
44151
44156
44168
44175
44180
44199
44209
44211
44213
44217
44231
44236
44238
44245
44249
44255
44265
44275
44303
44306
44319
44327
44346
44351
44356
44363
44375
44396
44397
44404
44405
44416
44432
44440
44453
44463
44464
44476
44499
44509
44512
44526
44533
44534
44535
44542
44547
44551
44555
44560
44562
44564
44569
44574
44575
44577
44584
44593
44597
44602
44632
44639
44644
44646
44657
44676
44697
44702
44715
44718
44739
44740
44749
44778
44793
44799
44819
44842
44902
44944
44951
44958
45018
45020
45026
45029
45041
45055
45068
45104
45107
45120
45146
45156
45164
45168
45178
45192
45197
45200
45204
45206
45214
45220
45234
45239
45243
45258
45273
45295
45307
45310
45327
45328
45332
45371
45380
45381
45419
45428
45432
45443
45446
45452
45456
45471
45473
45476
45487
45496
45505
45507
45518
45531
45553
45569
45594
45596
45601
45608
45609
45612
45614
45620
45630
45638
45649
45686
45714
45726
45749
45768
45777
45778
45781
45821
45856
45859
45862
45885
45893
45897
45947
45960
45976
46008
46017
46020
46025
46051
46070
46102
46120
46130
46137
46142
46152
46165
46182
46192
46212
46238
46241
46260
46261
46274
46288
46298
46314
46316
46321
46328
46333
46334
46368
46377
46385
46388
46403
46411
46422
46443
46444
46447
46449
46473
46481
46514
46515
46532
46536
46552
46566
46571
46575
46576
46609
46620
46642
46650
46651
46657
46676
46687
46691
46692
46695
46716
46718
46725
46742
46744
46807
46812
46817
46837
46844
46846
46853
46858
46866
46891
46893
46901
46918
46924
46929
46940
46943
46944
46947
46948
46956
46959
46970
46973
46981
47011
47017
47027
47029
47030
47056
47064
47066
47077
47081
47086
47091
47095
47098
47101
47105
47114
47116
47136
47146
47153
47160
47162
47178
47183
47199
47203
47204
47216
47229
47234
47241
47250
47262
47263
47272
47281
47284
47286
47287
47288
47290
47293
47303
47328
47339
47347
47364
47368
47370
47380
47381
47388
47394
47399
47415
47427
47429
47438
47442
47448
47456
47466
47475
47482
47504
47509
47513
47518
47555
47565
47577
47584
47587
47592
47602
47608
47609
47624
47634
47636
47641
47645
47653
47659
47681
47697
47703
47707
47721
47753
47760
47761
47766
47772
47783
47785
47798
47799
47810
47815
47824
47828
47831
47840
47843
47853
47854
47858
47864
47880
47882
47896
47898
47914
47943
47944
47987
47989
48008
48012
48020
48027
48051
48061
48075
48076
48086
48101
48103
48115
48116
48124
48131
48150
48156
48176
48180
48194
48215
48216
48239
48241
48246
48278
48280
48283
48287
48288
48308
48311
48327
48334
48343
48352
48365
48367
48387
48389
48423
48430
48448
48484
48495
48506
48510
48511
48524
48553
48560
48563
48565
48597
48605
48609
48655
48665
48671
48674
48708
48716
48728
48762
48771
48782
48799
48814
48816
48861
48863
48871
48882
48890
48911
48918
48933
48950
48969
48997
49017
49020
49029
49034
49041
49050
49057
49061
49072
49078
49106
49107
49108
49112
49129
49132
49144
49165
49168
49174
49182
49183
49189
49205
49222
49256
49266
49276
49282
49291
49293
49294
49297
49314
49333
49342
49373
49389
49391
49394
49407
49415
49430
49438
49450
49455
49460
49470
49475
49476
49484
49487
49488
49521
49534
49536
49566
49567
49571
49575
49578
49579
49590
49592
49601
49602
49604
49638
49652
49659
49668
49680
49682
49686
49694
49717
49721
49725
49783
49787
49792
49797
49798
49799
49806
49817
49825
49833
49842
49850
49851
49859
49869
49892
49913
49919
49921
49932
49940
